
Run n.ยบ 1
                               Restaurant - Description of the internal state

 CH WT  C00 C01 C02 C03 C04 C05 C06 C07 C08 C09 C10 C11 C12 C13 C14 C15 C16 C17 C18 C19  ATT FIE 1st las
  0  0    1   1   1   1   1   1   1   1   1   1   1   1   1   1   1   1   1   1   1   1    0   0   0  -1
  0  0    1   2   1   1   1   1   1   1   1   1   1   1   1   1   1   1   1   1   1   1    1   0   1  -1
  0  0    1   2   1   1   1   1   1   1   2   1   1   1   1   1   1   1   1   1   1   1    2   0   1  -1
  0  0    1   2   1   1   2   1   1   1   2   1   1   1   1   1   1   1   1   1   1   1    3   0   1  -1
  0  0    1   2   1   1   2   1   1   2   2   1   1   1   1   1   1   1   1   1   1   1    4   0   1  -1
  0  0    1   2   1   1   2   1   1   2   2   1   1   1   1   1   2   1   1   1   1   1    5   0   1  -1
  0  0    1   2   1   2   2   1   1   2   2   1   1   1   1   1   2   1   1   1   1   1    6   0   1  -1
  0  0    1   2   1   2   2   1   2   2   2   1   1   1   1   1   2   1   1   1   1   1    7   0   1  -1
  0  0    1   2   2   2   2   1   2   2   2   1   1   1   1   1   2   1   1   1   1   1    8   0   1  -1
  0  0    1   2   2   2   2   2   2   2   2   1   1   1   1   1   2   1   1   1   1   1    9   0   1  -1
  0  0    1   2   2   2   2   2   2   2   2   1   1   1   2   1   2   1   1   1   1   1   10   0   1  -1
  0  0    1   2   2   2   2   2   2   2   2   1   1   1   2   1   2   1   1   1   1   2   11   0   1  -1
  0  0    1   2   2   2   2   2   2   2   2   1   1   1   2   1   2   2   1   1   1   2   12   0   1  -1
  0  0    1   2   2   2   2   2   2   2   2   1   1   2   2   1   2   2   1   1   1   2   13   0   1  -1
  0  0    1   2   2   2   2   2   2   2   2   1   1   2   2   1   2   2   1   1   2   2   14   0   1  -1
  0  0    2   2   2   2   2   2   2   2   2   1   1   2   2   1   2   2   1   1   2   2   15   0   1  -1
  0  0    2   2   2   2   2   2   2   2   2   1   2   2   2   1   2   2   1   1   2   2   16   0   1  -1
  0  0    2   2   2   2   2   2   2   2   2   1   2   2   2   1   2   2   1   2   2   2   17   0   1  -1
  0  0    2   2   2   2   2   2   2   2   2   1   2   2   2   2   2   2   1   2   2   2   18   0   1  -1
  0  0    2   2   2   2   2   2   2   2   2   2   2   2   2   2   2   2   1   2   2   2   19   0   1  -1
  0  0    2   2   2   2   2   2   2   2   2   2   2   2   2   2   2   2   4   2   2   2   20   0   1  16
  0  0    2   2   2   2   2   2   2   2   2   2   2   2   4   2   2   2   4   2   2   2   20   0   1  16
  0  0    2   2   4   2   2   2   2   2   2   2   2   2   4   2   2   2   4   2   2   2   20   0   1  16
  0  0    2   2   4   2   2   2   2   2   2   2   2   2   4   2   4   2   4   2   2   2   20   0   1  16
  0  0    2   2   4   4   2   2   2   2   2   2   2   2   4   2   4   2   4   2   2   2   20   0   1  16
  0  0    2   3   4   4   2   2   2   2   2   2   2   2   4   2   4   2   4   2   2   2   20   0   1  16
  0  0    4   3   4   4   2   2   2   2   2   2   2   2   4   2   4   2   4   2   2   2   20   0   1  16
  0  0    4   3   4   4   2   2   2   2   2   2   2   2   4   2   4   2   4   2   2   4   20   0   1  16
  0  0    4   3   4   4   2   4   2   2   2   2   2   2   4   2   4   2   4   2   2   4   20   0   1  16
  0  0    4   3   4   4   2   4   4   2   2   2   2   2   4   2   4   2   4   2   2   4   20   0   1  16
  0  0    4   3   4   4   4   4   4   2   2   2   2   2   4   2   4   2   4   2   2   4   20   0   1  16
  0  0    4   3   4   4   4   4   4   2   4   2   2   2   4   2   4   2   4   2   2   4   20   0   1  16
  0  0    4   3   4   4   4   4   4   2   4   2   2   2   4   2   4   4   4   2   2   4   20   0   1  16
  0  0    4   3   4   4   4   4   4   4   4   2   2   2   4   2   4   4   4   2   2   4   20   0   1  16
  0  0    4   3   4   4   4   4   4   4   4   2   2   2   4   2   4   4   4   2   4   4   20   0   1  16
  0  0    4   3   4   4   4   4   4   4   4   2   2   4   4   2   4   4   4   2   4   4   20   0   1  16
  0  0    4   3   4   4   4   4   4   4   4   2   2   4   4   2   4   4   4   2   4   4   20   0   1  16
  0  0    4   3   4   4   4   4   4   4   4   2   2   4   4   4   4   4   4   2   4   4   20   0   1  16
  0  0    4   3   4   4   4   4   4   4   4   2   4   4   4   4   4   4   4   2   4   4   20   0   1  16
  0  0    4   3   4   4   4   4   4   4   4   2   4   4   4   4   4   4   4   4   4   4   20   0   1  16
  0  0    4   3   4   4   4   4   4   4   4   4   4   4   4   4   4   4   4   4   4   4   20   0   1  16
  0  1    4   3   4   4   4   4   4   4   4   4   4   4   4   4   4   4   4   4   4   4   20   0   1  16
  0  0    4   3   4   4   4   4   4   4   4   4   4   4   4   4   4   4   4   4   4   4   20   0   1  16
  1  0    4   3   4   4   4   4   4   4   4   4   4   4   4   4   4   4   4   4   4   4   20   0   1  16
  1  0    4   4   4   4   4   4   4   4   4   4   4   4   4   4   4   4   4   4   4   4   20   0   1  16
  2  0    4   4   4   4   4   4   4   4   4   4   4   4   4   4   4   4   4   4   4   4   20   0   1  16
  2  2    4   4   4   4   4   4   4   4   4   4   4   4   4   4   4   4   4   4   4   4   20   0   1  16
  2  2    4   4   4   4   4   4   5   4   4   4   4   4   4   4   4   4   4   4   4   4   20   0   1  16
  2  2    4   4   4   4   4   5   5   4   4   4   4   4   4   4   4   4   4   4   4   4   20   0   1  16
  2  2    4   4   4   5   4   5   5   4   4   4   4   4   4   4   4   4   4   4   4   4   20   0   1  16
  2  2    4   4   4   5   4   5   5   4   4   4   4   4   5   4   4   4   4   4   4   4   20   0   1  16
  2  2    5   4   4   5   4   5   5   4   4   4   4   4   5   4   4   4   4   4   4   4   20   0   1  16
  2  2    5   4   4   5   5   5   5   4   4   4   4   4   5   4   4   4   4   4   4   4   20   0   1  16
  2  2    5   4   4   5   5   5   5   4   4   4   4   4   5   4   5   4   4   4   4   4   20   0   1  16
  2  2    5   4   4   5   5   5   5   4   5   4   4   4   5   4   5   4   4   4   4   4   20   0   1  16
  2  2    5   4   5   5   5   5   5   4   5   4   4   4   5   4   5   4   4   4   4   4   20   0   1  16
  2  2    5   4   5   5   5   5   5   4   5   4   4   5   5   4   5   4   4   4   4   4   20   0   1  16
  2  2    5   4   5   5   5   5   5   5   5   4   4   5   5   4   5   4   4   4   4   4   20   0   1  16
  2  2    5   4   5   5   5   5   5   5   5   4   4   5   5   4   5   4   5   4   4   4   20   0   1  16
  2  2    5   5   5   5   5   5   5   5   5   4   4   5   5   4   5   4   5   4   4   4   20   0   1  16
  2  2    5   5   5   5   5   5   5   5   5   4   4   5   5   5   5   4   5   4   4   4   20   0   1  16
  2  2    5   5   5   5   5   5   5   5   5   4   4   5   5   5   5   4   5   4   4   5   20   0   1  16
  2  2    5   5   5   5   5   5   5   5   5   4   4   5   5   5   5   4   5   4   5   5   20   0   1  16
  2  2    5   5   5   5   5   5   5   5   5   4   4   5   5   5   5   4   5   5   5   5   20   0   1  16
  2  2    5   5   5   5   5   5   5   5   5   5   4   5   5   5   5   4   5   5   5   5   20   0   1  16
  2  2    5   5   5   5   5   5   5   5   5   5   5   5   5   5   5   4   5   5   5   5   20   0   1  16
  2  0    5   5   5   5   5   5   5   5   5   5   5   5   5   5   5   4   5   5   5   5   20   0   1  16
  2  0    5   5   5   5   5   5   5   5   5   5   5   5   5   5   5   5   5   5   5   5   20   0   1  16
  2  0    5   5   5   5   6   5   5   5   5   5   5   5   5   5   5   5   5   5   5   5   20   1   1  16
  2  0    5   5   5   5   6   5   5   5   5   6   5   5   5   5   5   5   5   5   5   5   20   2   1  16
  2  0    5   5   5   6   6   5   5   5   5   6   5   5   5   5   5   5   5   5   5   5   20   3   1  16
  2  0    5   5   5   6   6   5   5   5   6   6   5   5   5   5   5   5   5   5   5   5   20   4   1  16
  2  0    5   5   6   6   6   5   5   5   6   6   5   5   5   5   5   5   5   5   5   5   20   5   1  16
  2  0    5   5   6   6   6   5   5   5   6   6   5   5   5   5   5   5   5   5   5   6   20   6   1  16
  2  0    5   5   6   6   6   5   5   5   6   6   5   5   5   6   5   5   5   5   5   6   20   7   1  16
  2  0    5   6   6   6   6   5   5   5   6   6   5   5   5   6   5   5   5   5   5   6   20   8   1  16
  2  0    6   6   6   6   6   5   5   5   6   6   5   5   5   6   5   5   5   5   5   6   20   9   1  16
  2  0    6   6   6   6   6   6   5   5   6   6   5   5   5   6   5   5   5   5   5   6   20  10   1  16
  2  0    6   6   6   6   6   6   5   5   6   6   5   5   5   6   5   5   6   5   5   6   20  11   1  16
  2  0    6   6   6   6   6   6   5   5   6   6   6   5   5   6   5   5   6   5   5   6   20  12   1  16
  2  0    6   6   6   6   6   6   5   5   6   6   6   5   5   6   5   6   6   5   5   6   20  13   1  16
  2  0    6   6   6   6   6   6   5   5   6   6   6   5   5   6   6   6   6   5   5   6   20  14   1  16
  2  0    6   6   6   6   6   6   5   6   6   6   6   5   5   6   6   6   6   5   5   6   20  15   1  16
  2  0    6   6   6   6   6   6   5   6   6   6   6   5   5   6   6   6   6   5   6   6   20  16   1  16
  2  0    6   6   6   6   6   6   5   6   6   6   6   5   6   6   6   6   6   5   6   6   20  17   1  16
  2  0    6   6   6   6   6   6   6   6   6   6   6   5   6   6   6   6   6   5   6   6   20  18   1  16
  2  0    6   6   6   6   6   6   6   6   6   6   6   5   6   6   6   6   6   6   6   6   20  19   1  16
  2  0    6   6   6   6   6   6   6   6   6   6   6   6   6   6   6   6   6   6   6   6   20  20   1  16
  2  0    6   6   8   6   6   6   6   6   6   6   6   6   6   6   6   6   6   6   6   6   20  20   1  16
  2  0    8   6   8   6   6   6   6   6   6   6   6   6   6   6   6   6   6   6   6   6   20  20   1  16
  2  0    8   6   8   6   6   6   6   6   6   6   6   6   6   8   6   6   6   6   6   6   20  20   1  16
  2  0    8   6   8   6   8   6   6   6   6   6   6   6   6   8   6   6   6   6   6   6   20  20   1  16
  2  0    8   6   8   6   8   8   6   6   6   6   6   6   6   8   6   6   6   6   6   6   20  20   1  16
  2  0    8   6   8   6   8   8   6   6   6   6   6   6   6   8   6   6   7   6   6   6   20  20   1  16
  2  0    8   6   8   6   8   8   6   6   8   6   6   6   6   8   6   6   7   6   6   6   20  20   1  16
  2  0    8   6   8   8   8   8   6   6   8   6   6   6   6   8   6   6   7   6   6   6   20  20   1  16
  2  0    8   6   8   8   8   8   6   6   8   8   6   6   6   8   6   6   7   6   6   6   20  20   1  16
  2  0    8   8   8   8   8   8   6   6   8   8   6   6   6   8   6   6   7   6   6   6   20  20   1  16
  2  0    8   8   8   8   8   8   6   6   8   8   8   6   6   8   6   6   7   6   6   6   20  20   1  16
  2  0    8   8   8   8   8   8   6   6   8   8   8   6   6   8   6   6   7   6   8   6   20  20   1  16
  2  0    8   8   8   8   8   8   6   6   8   8   8   6   6   8   6   8   7   6   8   6   20  20   1  16
  2  0    8   8   8   8   8   8   6   6   8   8   8   6   8   8   6   8   7   6   8   6   20  20   1  16
  2  0    8   8   8   8   8   8   6   6   8   8   8   6   8   8   8   8   7   6   8   6   20  20   1  16
  2  0    8   8   8   8   8   8   6   6   8   8   8   8   8   8   8   8   7   6   8   6   20  20   1  16
  2  0    8   8   8   8   8   8   8   6   8   8   8   8   8   8   8   8   7   6   8   6   20  20   1  16
  2  0    8   8   8   8   8   8   8   6   8   8   8   8   8   8   8   8   7   6   8   8   20  20   1  16
  2  0    8   8   8   8   8   8   8   8   8   8   8   8   8   8   8   8   7   6   8   8   20  20   1  16
  2  0    8   8   8   8   8   8   8   8   8   8   8   8   8   8   8   8   7   8   8   8   20  20   1  16
  2  3    8   8   8   8   8   8   8   8   8   8   8   8   8   8   8   8   7   8   8   8   20  20   1  16
  2  3    8   8   8   8   8   8   8   8   8   8   8   8   8   8   8   8   8   8   8   8   20  20   1  16

Run n.ยบ 2
                               Restaurant - Description of the internal state

 CH WT  C00 C01 C02 C03 C04 C05 C06 C07 C08 C09 C10 C11 C12 C13 C14 C15 C16 C17 C18 C19  ATT FIE 1st las
  0  0    1   1   1   1   1   1   1   1   1   1   1   1   1   1   1   1   1   1   1   1    0   0   0  -1
  0  0    1   1   1   1   1   1   2   1   1   1   1   1   1   1   1   1   1   1   1   1    1   0   6  -1
  0  0    1   1   2   1   1   1   2   1   1   1   1   1   1   1   1   1   1   1   1   1    2   0   6  -1
  0  0    1   1   2   1   1   1   2   1   1   1   1   1   1   1   1   1   2   1   1   1    3   0   6  -1
  0  0    1   1   2   1   1   2   2   1   1   1   1   1   1   1   1   1   2   1   1   1    4   0   6  -1
  0  0    1   1   2   1   1   2   2   1   1   1   1   1   1   1   1   1   2   1   1   2    5   0   6  -1
  0  0    2   1   2   1   1   2   2   1   1   1   1   1   1   1   1   1   2   1   1   2    6   0   6  -1
  0  0    2   1   2   1   1   2   2   2   1   1   1   1   1   1   1   1   2   1   1   2    7   0   6  -1
  0  0    2   1   2   1   1   2   2   2   1   1   1   1   1   1   2   1   2   1   1   2    8   0   6  -1
  0  0    2   1   2   2   1   2   2   2   1   1   1   1   1   1   2   1   2   1   1   2    9   0   6  -1
  0  0    2   1   2   2   1   2   2   2   1   1   2   1   1   1   2   1   2   1   1   2   10   0   6  -1
  0  0    2   1   2   2   1   2   2   2   1   1   2   1   1   1   2   1   2   2   1   2   11   0   6  -1
  0  0    2   1   2   2   1   2   2   2   1   1   2   1   1   2   2   1   2   2   1   2   12   0   6  -1
  0  0    2   1   2   2   1   2   2   2   1   2   2   1   1   2   2   1   2   2   1   2   13   0   6  -1
  0  0    2   1   2   2   1   2   2   2   1   2   2   1   2   2   2   1   2   2   1   2   14   0   6  -1
  0  0    2   2   2   2   1   2   2   2   1   2   2   1   2   2   2   1   2   2   1   2   15   0   6  -1
  0  0    2   2   2   2   1   2   2   2   2   2   2   1   2   2   2   1   2   2   1   2   16   0   6  -1
  0  0    2   2   2   2   1   2   2   2   2   2   2   1   2   2   2   2   2   2   1   2   17   0   6  -1
  0  0    2   2   2   2   2   2   2   2   2   2   2   1   2   2   2   2   2   2   1   2   18   0   6  -1
  0  0    2   2   2   2   2   2   2   2   2   2   2   2   2   2   2   2   2   2   1   2   19   0   6  -1
  0  0    2   2   2   2   2   2   2   2   2   2   2   2   2   2   2   2   2   2   4   2   20   0   6  18
  0  0    2   2   2   2   2   4   2   2   2   2   2   2   2   2   2   2   2   2   4   2   20   0   6  18
  0  0    2   2   2   2   2   4   2   4   2   2   2   2   2   2   2   2   2   2   4   2   20   0   6  18
  0  0    2   4   2   2   2   4   2   4   2   2   2   2   2   2   2   2   2   2   4   2   20   0   6  18
  0  0    2   4   2   2   2   4   2   4   2   2   2   2   2   2   2   2   2   4   4   2   20   0   6  18
  0  0    2   4   2   2   2   4   3   4   2   2   2   2   2   2   2   2   2   4   4   2   20   0   6  18
  0  0    2   4   2   2   2   4   3   4   2   4   2   2   2   2   2   2   2   4   4   2   20   0   6  18
  0  0    2   4   2   2   2   4   3   4   2   4   4   2   2   2   2   2   2   4   4   2   20   0   6  18
  0  0    2   4   4   2   2   4   3   4   2   4   4   2   2   2   2   2   2   4   4   2   20   0   6  18
  0  0    2   4   4   2   2   4   3   4   2   4   4   2   4   2   2   2   2   4   4   2   20   0   6  18
  0  0    2   4   4   2   2   4   3   4   2   4   4   2   4   2   2   2   2   4   4   4   20   0   6  18
  0  0    4   4   4   2   2   4   3   4   2   4   4   2   4   2   2   2   2   4   4   4   20   0   6  18
  0  0    4   4   4   4   2   4   3   4   2   4   4   2   4   2   2   2   2   4   4   4   20   0   6  18
  0  0    4   4   4   4   2   4   3   4   2   4   4   2   4   2   2   2   4   4   4   4   20   0   6  18
  0  0    4   4   4   4   2   4   3   4   4   4   4   2   4   2   2   2   4   4   4   4   20   0   6  18
  0  0    4   4   4   4   2   4   3   4   4   4   4   2   4   4   2   2   4   4   4   4   20   0   6  18
  0  0    4   4   4   4   2   4   3   4   4   4   4   2   4   4   2   4   4   4   4   4   20   0   6  18
  0  0    4   4   4   4   4   4   3   4   4   4   4   2   4   4   2   4   4   4   4   4   20   0   6  18
  0  0    4   4   4   4   4   4   3   4   4   4   4   4   4   4   2   4   4   4   4   4   20   0   6  18
  0  0    4   4   4   4   4   4   3   4   4   4   4   4   4   4   4   4   4   4   4   4   20   0   6  18
  0  0    4   4   4   4   4   4   3   4   4   4   4   4   4   4   4   4   4   4   4   4   20   0   6  18
  0  1    4   4   4   4   4   4   3   4   4   4   4   4   4   4   4   4   4   4   4   4   20   0   6  18
  0  0    4   4   4   4   4   4   3   4   4   4   4   4   4   4   4   4   4   4   4   4   20   0   6  18
  0  0    4   4   4   4   4   4   4   4   4   4   4   4   4   4   4   4   4   4   4   4   20   0   6  18
  1  0    4   4   4   4   4   4   4   4   4   4   4   4   4   4   4   4   4   4   4   4   20   0   6  18
  2  0    4   4   4   4   4   4   4   4   4   4   4   4   4   4   4   4   4   4   4   4   20   0   6  18
  2  2    4   4   4   4   4   4   4   4   4   4   4   4   4   4   4   4   4   4   4   4   20   0   6  18
  2  2    4   4   4   4   4   4   4   4   4   4   4   4   4   4   4   4   4   5   4   4   20   0   6  18
  2  2    4   4   4   4   4   4   4   4   4   4   4   4   5   4   4   4   4   5   4   4   20   0   6  18
  2  2    5   4   4   4   4   4   4   4   4   4   4   4   5   4   4   4   4   5   4   4   20   0   6  18
  2  2    5   4   4   4   4   4   4   4   4   4   5   4   5   4   4   4   4   5   4   4   20   0   6  18
  2  2    5   4   5   4   4   4   4   4   4   4   5   4   5   4   4   4   4   5   4   4   20   0   6  18
  2  2    5   5   5   4   4   4   4   4   4   4   5   4   5   4   4   4   4   5   4   4   20   0   6  18
  2  2    5   5   5   4   4   5   4   4   4   4   5   4   5   4   4   4   4   5   4   4   20   0   6  18
  2  2    5   5   5   4   4   5   4   4   4   4   5   4   5   4   4   4   4   5   4   5   20   0   6  18
  2  2    5   5   5   4   4   5   4   4   4   5   5   4   5   4   4   4   4   5   4   5   20   0   6  18
  2  2    5   5   5   4   4   5   4   5   4   5   5   4   5   4   4   4   4   5   4   5   20   0   6  18
  2  2    5   5   5   5   4   5   4   5   4   5   5   4   5   4   4   4   4   5   4   5   20   0   6  18
  2  2    5   5   5   5   4   5   4   5   5   5   5   4   5   4   4   4   4   5   4   5   20   0   6  18
  2  2    5   5   5   5   4   5   4   5   5   5   5   4   5   5   4   4   4   5   4   5   20   0   6  18
  2  2    5   5   5   5   5   5   4   5   5   5   5   4   5   5   4   4   4   5   4   5   20   0   6  18
  2  2    5   5   5   5   5   5   4   5   5   5   5   5   5   5   4   4   4   5   4   5   20   0   6  18
  2  2    5   5   5   5   5   5   4   5   5   5   5   5   5   5   4   5   4   5   4   5   20   0   6  18
  2  0    5   5   5   5   5   5   4   5   5   5   5   5   5   5   4   5   4   5   4   5   20   0   6  18
  2  0    5   5   5   5   5   5   4   5   5   5   5   5   5   5   4   5   4   5   5   5   20   0   6  18
  2  0    5   5   5   5   5   5   4   5   5   5   5   5   5   5   5   5   4   5   5   5   20   0   6  18
  2  0    5   5   5   5   5   5   5   5   5   5   5   5   5   5   5   5   4   5   5   5   20   0   6  18
  2  0    5   5   5   5   5   5   5   5   5   5   5   5   5   5   5   5   5   5   5   5   20   0   6  18
  2  0    5   5   5   5   5   5   5   5   5   5   5   5   5   5   5   6   5   5   5   5   20   1   6  18
  2  0    5   5   5   5   5   5   5   5   5   6   5   5   5   5   5   6   5   5   5   5   20   2   6  18
  2  0    5   5   5   5   5   5   5   5   6   6   5   5   5   5   5   6   5   5   5   5   20   3   6  18
  2  0    5   5   6   5   5   5   5   5   6   6   5   5   5   5   5   6   5   5   5   5   20   4   6  18
  2  0    5   5   6   5   5   5   5   5   6   6   5   5   5   6   5   6   5   5   5   5   20   5   6  18
  2  0    5   5   6   5   5   5   5   6   6   6   5   5   5   6   5   6   5   5   5   5   20   6   6  18
  2  0    5   6   6   5   5   5   5   6   6   6   5   5   5   6   5   6   5   5   5   5   20   7   6  18
  2  0    5   6   6   5   5   5   5   6   6   6   5   5   5   6   5   6   5   5   6   5   20   8   6  18
  2  0    5   6   6   5   5   5   5   6   6   6   5   5   5   6   5   6   5   6   6   5   20   9   6  18
  2  0    5   6   6   5   5   5   5   6   6   6   5   6   5   6   5   6   5   6   6   5   20  10   6  18
  2  0    5   6   6   5   5   6   5   6   6   6   5   6   5   6   5   6   5   6   6   5   20  11   6  18
  2  0    5   6   6   6   5   6   5   6   6   6   5   6   5   6   5   6   5   6   6   5   20  12   6  18
  2  0    5   6   6   6   5   6   5   6   6   6   5   6   5   6   6   6   5   6   6   5   20  13   6  18
  2  0    5   6   6   6   5   6   5   6   6   6   5   6   5   6   6   6   5   6   6   6   20  14   6  18
  2  0    5   6   6   6   5   6   5   6   6   6   5   6   6   6   6   6   5   6   6   6   20  15   6  18
  2  0    5   6   6   6   5   6   6   6   6   6   5   6   6   6   6   6   5   6   6   6   20  16   6  18
  2  0    6   6   6   6   5   6   6   6   6   6   5   6   6   6   6   6   5   6   6   6   20  17   6  18
  2  0    6   6   6   6   5   6   6   6   6   6   5   6   6   6   6   6   6   6   6   6   20  18   6  18
  2  0    6   6   6   6   5   6   6   6   6   6   6   6   6   6   6   6   6   6   6   6   20  19   6  18
  2  0    6   6   6   6   6   6   6   6   6   6   6   6   6   6   6   6   6   6   6   6   20  20   6  18
  2  0    6   6   8   6   6   6   6   6   6   6   6   6   6   6   6   6   6   6   6   6   20  20   6  18
  2  0    6   6   8   6   6   6   6   6   6   6   6   6   6   6   6   6   6   6   7   6   20  20   6  18
  2  0    6   6   8   6   6   8   6   6   6   6   6   6   6   6   6   6   6   6   7   6   20  20   6  18
  2  0    6   6   8   6   6   8   6   6   6   6   6   8   6   6   6   6   6   6   7   6   20  20   6  18
  2  0    6   6   8   6   8   8   6   6   6   6   6   8   6   6   6   6   6   6   7   6   20  20   6  18
  2  0    6   6   8   6   8   8   6   6   6   6   6   8   6   6   6   8   6   6   7   6   20  20   6  18
  2  0    6   6   8   6   8   8   6   6   6   6   6   8   6   8   6   8   6   6   7   6   20  20   6  18
  2  0    6   6   8   6   8   8   6   6   6   6   6   8   6   8   6   8   8   6   7   6   20  20   6  18
  2  0    6   6   8   8   8   8   6   6   6   6   6   8   6   8   6   8   8   6   7   6   20  20   6  18
  2  0    6   6   8   8   8   8   8   6   6   6   6   8   6   8   6   8   8   6   7   6   20  20   6  18
  2  0    6   8   8   8   8   8   8   6   6   6   6   8   6   8   6   8   8   6   7   6   20  20   6  18
  2  0    6   8   8   8   8   8   8   8   6   6   6   8   6   8   6   8   8   6   7   6   20  20   6  18
  2  0    6   8   8   8   8   8   8   8   6   6   6   8   6   8   6   8   8   8   7   6   20  20   6  18
  2  0    8   8   8   8   8   8   8   8   6   6   6   8   6   8   6   8   8   8   7   6   20  20   6  18
  2  0    8   8   8   8   8   8   8   8   8   6   6   8   6   8   6   8   8   8   7   6   20  20   6  18
  2  0    8   8   8   8   8   8   8   8   8   6   8   8   6   8   6   8   8   8   7   6   20  20   6  18
  2  0    8   8   8   8   8   8   8   8   8   6   8   8   8   8   6   8   8   8   7   6   20  20   6  18
  2  0    8   8   8   8   8   8   8   8   8   8   8   8   8   8   6   8   8   8   7   6   20  20   6  18
  2  0    8   8   8   8   8   8   8   8   8   8   8   8   8   8   8   8   8   8   7   6   20  20   6  18
  2  0    8   8   8   8   8   8   8   8   8   8   8   8   8   8   8   8   8   8   7   8   20  20   6  18
  2  3    8   8   8   8   8   8   8   8   8   8   8   8   8   8   8   8   8   8   7   8   20  20   6  18
  2  3    8   8   8   8   8   8   8   8   8   8   8   8   8   8   8   8   8   8   8   8   20  20   6  18

Run n.ยบ 3
                               Restaurant - Description of the internal state

 CH WT  C00 C01 C02 C03 C04 C05 C06 C07 C08 C09 C10 C11 C12 C13 C14 C15 C16 C17 C18 C19  ATT FIE 1st las
  0  0    1   1   1   1   1   1   1   1   1   1   1   1   1   1   1   1   1   1   1   1    0   0   0  -1
  0  0    1   1   1   1   1   1   2   1   1   1   1   1   1   1   1   1   1   1   1   1    1   0   6  -1
  0  0    1   1   2   1   1   1   2   1   1   1   1   1   1   1   1   1   1   1   1   1    2   0   6  -1
  0  0    1   1   2   1   1   1   2   1   1   1   1   1   1   1   1   1   2   1   1   1    3   0   6  -1
  0  0    1   1   2   1   1   1   2   1   1   1   1   1   2   1   1   1   2   1   1   1    4   0   6  -1
  0  0    1   2   2   1   1   1   2   1   1   1   1   1   2   1   1   1   2   1   1   1    5   0   6  -1
  0  0    1   2   2   1   1   1   2   1   2   1   1   1   2   1   1   1   2   1   1   1    6   0   6  -1
  0  0    1   2   2   1   1   1   2   1   2   1   1   1   2   1   1   2   2   1   1   1    7   0   6  -1
  0  0    2   2   2   1   1   1   2   1   2   1   1   1   2   1   1   2   2   1   1   1    8   0   6  -1
  0  0    2   2   2   1   1   1   2   1   2   1   2   1   2   1   1   2   2   1   1   1    9   0   6  -1
  0  0    2   2   2   1   1   1   2   1   2   1   2   1   2   1   1   2   2   2   1   1   10   0   6  -1
  0  0    2   2   2   1   1   1   2   1   2   1   2   1   2   2   1   2   2   2   1   1   11   0   6  -1
  0  0    2   2   2   1   1   1   2   1   2   2   2   1   2   2   1   2   2   2   1   1   12   0   6  -1
  0  0    2   2   2   1   1   2   2   1   2   2   2   1   2   2   1   2   2   2   1   1   13   0   6  -1
  0  0    2   2   2   1   1   2   2   1   2   2   2   1   2   2   1   2   2   2   1   2   14   0   6  -1
  0  0    2   2   2   1   2   2   2   1   2   2   2   1   2   2   1   2   2   2   1   2   15   0   6  -1
  0  0    2   2   2   1   2   2   2   1   2   2   2   2   2   2   1   2   2   2   1   2   16   0   6  -1
  0  0    2   2   2   1   2   2   2   1   2   2   2   2   2   2   1   2   2   2   2   2   17   0   6  -1
  0  0    2   2   2   1   2   2   2   2   2   2   2   2   2   2   1   2   2   2   2   2   18   0   6  -1
  0  0    2   2   2   1   2   2   2   2   2   2   2   2   2   2   2   2   2   2   2   2   19   0   6  -1
  0  0    2   2   2   4   2   2   2   2   2   2   2   2   2   2   2   2   2   2   2   2   20   0   6   3
  0  0    2   2   2   4   2   2   2   2   4   2   2   2   2   2   2   2   2   2   2   2   20   0   6   3
  0  0    2   2   2   4   2   2   2   2   4   2   2   2   2   2   2   2   4   2   2   2   20   0   6   3
  0  0    2   2   2   4   2   2   2   2   4   2   4   2   2   2   2   2   4   2   2   2   20   0   6   3
  0  0    2   2   2   4   2   4   2   2   4   2   4   2   2   2   2   2   4   2   2   2   20   0   6   3
  0  0    2   2   4   4   2   4   2   2   4   2   4   2   2   2   2   2   4   2   2   2   20   0   6   3
  0  0    2   2   4   4   2   4   2   2   4   2   4   2   2   2   2   2   4   2   2   2   20   0   6   3
  0  0    2   2   4   4   2   4   2   2   4   2   4   4   2   2   2   2   4   2   2   2   20   0   6   3
  0  0    2   2   4   4   2   4   3   2   4   2   4   4   2   2   2   2   4   2   2   2   20   0   6   3
  0  0    2   2   4   4   2   4   3   2   4   4   4   4   2   2   2   2   4   2   2   2   20   0   6   3
  0  0    2   2   4   4   2   4   3   2   4   4   4   4   2   4   2   2   4   2   2   2   20   0   6   3
  0  0    2   2   4   4   2   4   3   2   4   4   4   4   4   4   2   2   4   2   2   2   20   0   6   3
  0  0    2   2   4   4   4   4   3   2   4   4   4   4   4   4   2   2   4   2   2   2   20   0   6   3
  0  0    2   2   4   4   4   4   3   2   4   4   4   4   4   4   2   2   4   2   4   2   20   0   6   3
  0  0    2   2   4   4   4   4   3   2   4   4   4   4   4   4   2   2   4   2   4   4   20   0   6   3
  0  0    2   4   4   4   4   4   3   2   4   4   4   4   4   4   2   2   4   2   4   4   20   0   6   3
  0  0    4   4   4   4   4   4   3   2   4   4   4   4   4   4   2   2   4   2   4   4   20   0   6   3
  0  0    4   4   4   4   4   4   3   2   4   4   4   4   4   4   2   4   4   2   4   4   20   0   6   3
  0  0    4   4   4   4   4   4   3   2   4   4   4   4   4   4   4   4   4   2   4   4   20   0   6   3
  0  0    4   4   4   4   4   4   3   2   4   4   4   4   4   4   4   4   4   4   4   4   20   0   6   3
  0  0    4   4   4   4   4   4   3   4   4   4   4   4   4   4   4   4   4   4   4   4   20   0   6   3
  0  1    4   4   4   4   4   4   3   4   4   4   4   4   4   4   4   4   4   4   4   4   20   0   6   3
  0  0    4   4   4   4   4   4   3   4   4   4   4   4   4   4   4   4   4   4   4   4   20   0   6   3
  1  0    4   4   4   4   4   4   3   4   4   4   4   4   4   4   4   4   4   4   4   4   20   0   6   3
  1  0    4   4   4   4   4   4   4   4   4   4   4   4   4   4   4   4   4   4   4   4   20   0   6   3
  2  0    4   4   4   4   4   4   4   4   4   4   4   4   4   4   4   4   4   4   4   4   20   0   6   3
  2  2    4   4   4   4   4   4   4   4   4   4   4   4   4   4   4   4   4   4   4   4   20   0   6   3
  2  2    4   4   4   4   4   5   4   4   4   4   4   4   4   4   4   4   4   4   4   4   20   0   6   3
  2  2    4   4   4   4   4   5   4   4   4   4   4   4   4   4   4   4   5   4   4   4   20   0   6   3
  2  2    4   4   4   5   4   5   4   4   4   4   4   4   4   4   4   4   5   4   4   4   20   0   6   3
  2  2    4   4   4   5   5   5   4   4   4   4   4   4   4   4   4   4   5   4   4   4   20   0   6   3
  2  2    4   4   4   5   5   5   4   4   4   4   4   5   4   4   4   4   5   4   4   4   20   0   6   3
  2  2    4   4   4   5   5   5   4   4   5   4   4   5   4   4   4   4   5   4   4   4   20   0   6   3
  2  2    4   4   4   5   5   5   4   4   5   5   4   5   4   4   4   4   5   4   4   4   20   0   6   3
  2  2    4   4   4   5   5   5   4   4   5   5   4   5   5   4   4   4   5   4   4   4   20   0   6   3
  2  2    4   4   4   5   5   5   4   4   5   5   4   5   5   5   4   4   5   4   4   4   20   0   6   3
  2  2    4   5   4   5   5   5   4   4   5   5   4   5   5   5   4   4   5   4   4   4   20   0   6   3
  2  2    5   5   4   5   5   5   4   4   5   5   4   5   5   5   4   4   5   4   4   4   20   0   6   3
  2  2    5   5   4   5   5   5   4   4   5   5   4   5   5   5   4   4   5   4   4   5   20   0   6   3
  2  2    5   5   4   5   5   5   4   4   5   5   5   5   5   5   4   4   5   4   4   5   20   0   6   3
  2  2    5   5   4   5   5   5   4   4   5   5   5   5   5   5   4   5   5   4   4   5   20   0   6   3
  2  2    5   5   5   5   5   5   4   4   5   5   5   5   5   5   4   5   5   4   4   5   20   0   6   3
  2  0    5   5   5   5   5   5   4   4   5   5   5   5   5   5   4   5   5   4   4   5   20   0   6   3
  2  0    5   5   5   5   5   5   4   4   5   5   5   5   5   5   5   5   5   4   4   5   20   0   6   3
  2  0    5   5   5   5   5   5   4   4   5   5   5   5   5   5   5   5   5   4   5   5   20   0   6   3
  2  0    5   5   5   5   5   5   4   5   5   5   5   5   5   5   5   5   5   4   5   5   20   0   6   3
  2  0    5   5   5   5   5   5   4   5   5   5   5   5   5   5   5   5   5   5   5   5   20   0   6   3
  2  0    5   5   5   5   5   5   5   5   5   5   5   5   5   5   5   5   5   5   5   5   20   0   6   3
  2  0    5   5   5   5   5   5   5   5   5   5   5   5   5   5   5   5   6   5   5   5   20   1   6   3
  2  0    5   5   5   5   5   5   5   5   5   5   6   5   5   5   5   5   6   5   5   5   20   2   6   3
  2  0    5   5   5   5   6   5   5   5   5   5   6   5   5   5   5   5   6   5   5   5   20   3   6   3
  2  0    5   5   5   5   6   5   5   5   5   6   6   5   5   5   5   5   6   5   5   5   20   4   6   3
  2  0    5   5   5   5   6   5   5   5   6   6   6   5   5   5   5   5   6   5   5   5   20   5   6   3
  2  0    5   5   5   5   6   5   5   5   6   6   6   5   5   5   5   5   6   5   5   6   20   6   6   3
  2  0    5   5   5   5   6   5   5   5   6   6   6   5   5   6   5   5   6   5   5   6   20   7   6   3
  2  0    5   5   5   5   6   5   5   6   6   6   6   5   5   6   5   5   6   5   5   6   20   8   6   3
  2  0    5   6   5   5   6   5   5   6   6   6   6   5   5   6   5   5   6   5   5   6   20   9   6   3
  2  0    5   6   5   5   6   5   5   6   6   6   6   5   5   6   5   5   6   5   6   6   20  10   6   3
  2  0    6   6   5   5   6   5   5   6   6   6   6   5   5   6   5   5   6   5   6   6   20  11   6   3
  2  0    6   6   5   5   6   5   5   6   6   6   6   5   5   6   5   6   6   5   6   6   20  12   6   3
  2  0    6   6   5   6   6   5   5   6   6   6   6   5   5   6   5   6   6   5   6   6   20  13   6   3
  2  0    6   6   5   6   6   5   5   6   6   6   6   5   5   6   6   6   6   5   6   6   20  14   6   3
  2  0    6   6   6   6   6   5   5   6   6   6   6   5   5   6   6   6   6   5   6   6   20  15   6   3
  2  0    6   6   6   6   6   5   5   6   6   6   6   5   6   6   6   6   6   5   6   6   20  16   6   3
  2  0    6   6   6   6   6   5   6   6   6   6   6   5   6   6   6   6   6   5   6   6   20  17   6   3
  2  0    6   6   6   6   6   5   6   6   6   6   6   5   6   6   6   6   6   6   6   6   20  18   6   3
  2  0    6   6   6   6   6   5   6   6   6   6   6   6   6   6   6   6   6   6   6   6   20  19   6   3
  2  0    6   6   6   6   6   6   6   6   6   6   6   6   6   6   6   6   6   6   6   6   20  20   6   3
  2  0    6   6   6   6   6   6   6   6   6   6   6   6   6   6   6   6   6   6   6   8   20  20   6   3
  2  0    8   6   6   6   6   6   6   6   6   6   6   6   6   6   6   6   6   6   6   8   20  20   6   3
  2  0    8   6   6   6   6   6   6   6   6   6   6   6   6   6   8   6   6   6   6   8   20  20   6   3
  2  0    8   6   6   7   6   6   6   6   6   6   6   6   6   6   8   6   6   6   6   8   20  20   6   3
  2  0    8   6   6   7   6   6   6   6   8   6   6   6   6   6   8   6   6   6   6   8   20  20   6   3
  2  0    8   6   6   7   6   6   6   6   8   8   6   6   6   6   8   6   6   6   6   8   20  20   6   3
  2  0    8   6   6   7   6   6   6   8   8   8   6   6   6   6   8   6   6   6   6   8   20  20   6   3
  2  0    8   6   6   7   8   6   6   8   8   8   6   6   6   6   8   6   6   6   6   8   20  20   6   3
  2  0    8   6   6   7   8   8   6   8   8   8   6   6   6   6   8   6   6   6   6   8   20  20   6   3
  2  0    8   8   6   7   8   8   6   8   8   8   6   6   6   6   8   6   6   6   6   8   20  20   6   3
  2  0    8   8   6   7   8   8   6   8   8   8   8   6   6   6   8   6   6   6   6   8   20  20   6   3
  2  0    8   8   6   7   8   8   6   8   8   8   8   6   6   6   8   6   8   6   6   8   20  20   6   3
  2  0    8   8   6   7   8   8   6   8   8   8   8   6   8   6   8   6   8   6   6   8   20  20   6   3
  2  0    8   8   6   7   8   8   6   8   8   8   8   8   8   6   8   6   8   6   6   8   20  20   6   3
  2  0    8   8   6   7   8   8   8   8   8   8   8   8   8   6   8   6   8   6   6   8   20  20   6   3
  2  0    8   8   6   7   8   8   8   8   8   8   8   8   8   6   8   6   8   6   8   8   20  20   6   3
  2  0    8   8   8   7   8   8   8   8   8   8   8   8   8   6   8   6   8   6   8   8   20  20   6   3
  2  0    8   8   8   7   8   8   8   8   8   8   8   8   8   8   8   6   8   6   8   8   20  20   6   3
  2  0    8   8   8   7   8   8   8   8   8   8   8   8   8   8   8   8   8   6   8   8   20  20   6   3
  2  0    8   8   8   7   8   8   8   8   8   8   8   8   8   8   8   8   8   8   8   8   20  20   6   3
  2  3    8   8   8   7   8   8   8   8   8   8   8   8   8   8   8   8   8   8   8   8   20  20   6   3
  2  3    8   8   8   8   8   8   8   8   8   8   8   8   8   8   8   8   8   8   8   8   20  20   6   3

Run n.ยบ 4
                               Restaurant - Description of the internal state

 CH WT  C00 C01 C02 C03 C04 C05 C06 C07 C08 C09 C10 C11 C12 C13 C14 C15 C16 C17 C18 C19  ATT FIE 1st las
  0  0    1   1   1   1   1   1   1   1   1   1   1   1   1   1   1   1   1   1   1   1    0   0   0  -1
  0  0    1   1   1   1   1   1   1   1   2   1   1   1   1   1   1   1   1   1   1   1    1   0   8  -1
  0  0    1   1   1   1   2   1   1   1   2   1   1   1   1   1   1   1   1   1   1   1    2   0   8  -1
  0  0    2   1   1   1   2   1   1   1   2   1   1   1   1   1   1   1   1   1   1   1    3   0   8  -1
  0  0    2   1   1   1   2   1   1   1   2   1   1   1   1   1   2   1   1   1   1   1    4   0   8  -1
  0  0    2   1   1   1   2   1   1   1   2   1   2   1   1   1   2   1   1   1   1   1    5   0   8  -1
  0  0    2   1   2   1   2   1   1   1   2   1   2   1   1   1   2   1   1   1   1   1    6   0   8  -1
  0  0    2   1   2   1   2   1   1   1   2   2   2   1   1   1   2   1   1   1   1   1    7   0   8  -1
  0  0    2   1   2   1   2   2   1   1   2   2   2   1   1   1   2   1   1   1   1   1    8   0   8  -1
  0  0    2   1   2   1   2   2   1   1   2   2   2   1   2   1   2   1   1   1   1   1    9   0   8  -1
  0  0    2   1   2   1   2   2   1   1   2   2   2   1   2   1   2   1   1   1   1   2   10   0   8  -1
  0  0    2   2   2   1   2   2   1   1   2   2   2   1   2   1   2   1   1   1   1   2   11   0   8  -1
  0  0    2   2   2   1   2   2   1   1   2   2   2   1   2   1   2   2   1   1   1   2   12   0   8  -1
  0  0    2   2   2   1   2   2   1   1   2   2   2   2   2   1   2   2   1   1   1   2   13   0   8  -1
  0  0    2   2   2   1   2   2   1   1   2   2   2   2   2   1   2   2   1   1   2   2   14   0   8  -1
  0  0    2   2   2   1   2   2   1   2   2   2   2   2   2   1   2   2   1   1   2   2   15   0   8  -1
  0  0    2   2   2   2   2   2   1   2   2   2   2   2   2   1   2   2   1   1   2   2   16   0   8  -1
  0  0    2   2   2   2   2   2   1   2   2   2   2   2   2   1   2   2   1   2   2   2   17   0   8  -1
  0  0    2   2   2   2   2   2   2   2   2   2   2   2   2   1   2   2   1   2   2   2   18   0   8  -1
  0  0    2   2   2   2   2   2   2   2   2   2   2   2   2   2   2   2   1   2   2   2   19   0   8  -1
  0  0    2   2   2   2   2   2   2   2   2   2   2   2   2   2   2   2   4   2   2   2   20   0   8  16
  0  0    2   2   2   2   2   4   2   2   2   2   2   2   2   2   2   2   4   2   2   2   20   0   8  16
  0  0    2   2   2   2   2   4   2   2   2   2   2   2   2   2   4   2   4   2   2   2   20   0   8  16
  0  0    2   2   2   2   2   4   2   2   2   2   2   2   2   2   4   2   4   2   2   2   20   0   8  16
  0  0    2   2   2   2   2   4   2   4   2   2   2   2   2   2   4   2   4   2   2   2   20   0   8  16
  0  0    2   2   2   2   2   4   2   4   2   2   2   2   2   4   4   2   4   2   2   2   20   0   8  16
  0  0    4   2   2   2   2   4   2   4   2   2   2   2   2   4   4   2   4   2   2   2   20   0   8  16
  0  0    4   2   2   4   2   4   2   4   2   2   2   2   2   4   4   2   4   2   2   2   20   0   8  16
  0  0    4   2   2   4   2   4   2   4   2   2   2   4   2   4   4   2   4   2   2   2   20   0   8  16
  0  0    4   4   2   4   2   4   2   4   2   2   2   4   2   4   4   2   4   2   2   2   20   0   8  16
  0  0    4   4   2   4   2   4   4   4   2   2   2   4   2   4   4   2   4   2   2   2   20   0   8  16
  0  0    4   4   4   4   2   4   4   4   2   2   2   4   2   4   4   2   4   2   2   2   20   0   8  16
  0  0    4   4   4   4   2   4   4   4   2   2   2   4   2   4   4   2   4   4   2   2   20   0   8  16
  0  0    4   4   4   4   2   4   4   4   2   2   2   4   4   4   4   2   4   4   2   2   20   0   8  16
  0  0    4   4   4   4   2   4   4   4   2   2   4   4   4   4   4   2   4   4   2   2   20   0   8  16
  0  0    4   4   4   4   2   4   4   4   3   2   4   4   4   4   4   2   4   4   2   2   20   0   8  16
  0  0    4   4   4   4   2   4   4   4   3   4   4   4   4   4   4   2   4   4   2   2   20   0   8  16
  0  0    4   4   4   4   4   4   4   4   3   4   4   4   4   4   4   2   4   4   2   2   20   0   8  16
  0  0    4   4   4   4   4   4   4   4   3   4   4   4   4   4   4   2   4   4   4   2   20   0   8  16
  0  0    4   4   4   4   4   4   4   4   3   4   4   4   4   4   4   2   4   4   4   4   20   0   8  16
  0  0    4   4   4   4   4   4   4   4   3   4   4   4   4   4   4   4   4   4   4   4   20   0   8  16
  0  1    4   4   4   4   4   4   4   4   3   4   4   4   4   4   4   4   4   4   4   4   20   0   8  16
  0  0    4   4   4   4   4   4   4   4   3   4   4   4   4   4   4   4   4   4   4   4   20   0   8  16
  1  0    4   4   4   4   4   4   4   4   3   4   4   4   4   4   4   4   4   4   4   4   20   0   8  16
  1  0    4   4   4   4   4   4   4   4   4   4   4   4   4   4   4   4   4   4   4   4   20   0   8  16
  2  0    4   4   4   4   4   4   4   4   4   4   4   4   4   4   4   4   4   4   4   4   20   0   8  16
  2  2    4   4   4   4   4   4   4   4   4   4   4   4   4   4   4   4   4   4   4   4   20   0   8  16
  2  2    4   4   4   4   4   4   4   4   4   4   4   4   4   4   4   4   5   4   4   4   20   0   8  16
  2  2    5   4   4   4   4   4   4   4   4   4   4   4   4   4   4   4   5   4   4   4   20   0   8  16
  2  2    5   4   4   4   4   4   4   5   4   4   4   4   4   4   4   4   5   4   4   4   20   0   8  16
  2  2    5   4   4   4   4   4   4   5   4   4   4   4   4   5   4   4   5   4   4   4   20   0   8  16
  2  2    5   4   4   5   4   4   4   5   4   4   4   4   4   5   4   4   5   4   4   4   20   0   8  16
  2  2    5   5   4   5   4   4   4   5   4   4   4   4   4   5   4   4   5   4   4   4   20   0   8  16
  2  2    5   5   4   5   4   4   4   5   4   4   4   5   4   5   4   4   5   4   4   4   20   0   8  16
  2  2    5   5   4   5   4   4   4   5   4   4   4   5   4   5   5   4   5   4   4   4   20   0   8  16
  2  2    5   5   4   5   4   5   4   5   4   4   4   5   4   5   5   4   5   4   4   4   20   0   8  16
  2  2    5   5   4   5   4   5   4   5   4   4   4   5   4   5   5   4   5   5   4   4   20   0   8  16
  2  2    5   5   5   5   4   5   4   5   4   4   4   5   4   5   5   4   5   5   4   4   20   0   8  16
  2  2    5   5   5   5   4   5   4   5   4   5   4   5   4   5   5   4   5   5   4   4   20   0   8  16
  2  2    5   5   5   5   4   5   4   5   4   5   4   5   5   5   5   4   5   5   4   4   20   0   8  16
  2  2    5   5   5   5   4   5   5   5   4   5   4   5   5   5   5   4   5   5   4   4   20   0   8  16
  2  2    5   5   5   5   4   5   5   5   4   5   5   5   5   5   5   4   5   5   4   4   20   0   8  16
  2  2    5   5   5   5   5   5   5   5   4   5   5   5   5   5   5   4   5   5   4   4   20   0   8  16
  2  0    5   5   5   5   5   5   5   5   4   5   5   5   5   5   5   4   5   5   4   4   20   0   8  16
  2  0    5   5   5   5   5   5   5   5   4   5   5   5   5   5   5   4   5   5   5   4   20   0   8  16
  2  0    5   5   5   5   5   5   5   5   4   5   5   5   5   5   5   4   5   5   5   5   20   0   8  16
  2  0    5   5   5   5   5   5   5   5   5   5   5   5   5   5   5   4   5   5   5   5   20   0   8  16
  2  0    5   5   5   5   5   5   5   5   5   5   5   5   5   5   5   5   5   5   5   5   20   0   8  16
  2  0    5   5   5   5   6   5   5   5   5   5   5   5   5   5   5   5   5   5   5   5   20   1   8  16
  2  0    5   5   5   5   6   5   5   5   5   6   5   5   5   5   5   5   5   5   5   5   20   2   8  16
  2  0    5   5   5   5   6   5   5   5   5   6   5   5   5   5   6   5   5   5   5   5   20   3   8  16
  2  0    5   5   6   5   6   5   5   5   5   6   5   5   5   5   6   5   5   5   5   5   20   4   8  16
  2  0    5   5   6   5   6   5   5   5   5   6   5   5   5   5   6   5   5   5   5   6   20   5   8  16
  2  0    5   5   6   5   6   5   5   5   5   6   5   5   5   6   6   5   5   5   5   6   20   6   8  16
  2  0    5   5   6   5   6   5   5   5   5   6   5   5   5   6   6   5   5   5   6   6   20   7   8  16
  2  0    5   5   6   5   6   5   5   5   5   6   5   5   6   6   6   5   5   5   6   6   20   8   8  16
  2  0    5   5   6   5   6   5   6   5   5   6   5   5   6   6   6   5   5   5   6   6   20   9   8  16
  2  0    5   5   6   5   6   5   6   5   5   6   5   5   6   6   6   5   5   6   6   6   20  10   8  16
  2  0    5   5   6   5   6   5   6   5   5   6   5   5   6   6   6   5   6   6   6   6   20  11   8  16
  2  0    5   5   6   5   6   5   6   5   5   6   6   5   6   6   6   5   6   6   6   6   20  12   8  16
  2  0    5   5   6   5   6   5   6   5   5   6   6   5   6   6   6   6   6   6   6   6   20  13   8  16
  2  0    5   5   6   6   6   5   6   5   5   6   6   5   6   6   6   6   6   6   6   6   20  14   8  16
  2  0    5   5   6   6   6   5   6   5   6   6   6   5   6   6   6   6   6   6   6   6   20  15   8  16
  2  0    5   5   6   6   6   5   6   6   6   6   6   5   6   6   6   6   6   6   6   6   20  16   8  16
  2  0    5   6   6   6   6   5   6   6   6   6   6   5   6   6   6   6   6   6   6   6   20  17   8  16
  2  0    6   6   6   6   6   5   6   6   6   6   6   5   6   6   6   6   6   6   6   6   20  18   8  16
  2  0    6   6   6   6   6   5   6   6   6   6   6   6   6   6   6   6   6   6   6   6   20  19   8  16
  2  0    6   6   6   6   6   6   6   6   6   6   6   6   6   6   6   6   6   6   6   6   20  20   8  16
  2  0    6   6   6   6   8   6   6   6   6   6   6   6   6   6   6   6   6   6   6   6   20  20   8  16
  2  0    6   6   6   6   8   6   8   6   6   6   6   6   6   6   6   6   6   6   6   6   20  20   8  16
  2  0    6   6   6   6   8   6   8   6   6   6   6   6   8   6   6   6   6   6   6   6   20  20   8  16
  2  0    6   6   6   6   8   6   8   6   8   6   6   6   8   6   6   6   6   6   6   6   20  20   8  16
  2  0    6   6   6   6   8   6   8   6   8   8   6   6   8   6   6   6   6   6   6   6   20  20   8  16
  2  0    6   6   6   6   8   8   8   6   8   8   6   6   8   6   6   6   6   6   6   6   20  20   8  16
  2  0    6   6   6   6   8   8   8   6   8   8   6   6   8   6   6   6   6   8   6   6   20  20   8  16
  2  0    6   8   6   6   8   8   8   6   8   8   6   6   8   6   6   6   6   8   6   6   20  20   8  16
  2  0    6   8   6   6   8   8   8   6   8   8   6   6   8   6   6   6   6   8   8   6   20  20   8  16
  2  0    6   8   6   8   8   8   8   6   8   8   6   6   8   6   6   6   6   8   8   6   20  20   8  16
  2  0    6   8   6   8   8   8   8   6   8   8   6   6   8   6   6   6   6   8   8   8   20  20   8  16
  2  0    6   8   6   8   8   8   8   6   8   8   6   6   8   8   6   6   6   8   8   8   20  20   8  16
  2  0    6   8   8   8   8   8   8   6   8   8   6   6   8   8   6   6   6   8   8   8   20  20   8  16
  2  0    6   8   8   8   8   8   8   6   8   8   6   6   8   8   6   8   6   8   8   8   20  20   8  16
  2  0    6   8   8   8   8   8   8   8   8   8   6   6   8   8   6   8   6   8   8   8   20  20   8  16
  2  0    6   8   8   8   8   8   8   8   8   8   6   8   8   8   6   8   6   8   8   8   20  20   8  16
  2  0    8   8   8   8   8   8   8   8   8   8   6   8   8   8   6   8   6   8   8   8   20  20   8  16
  2  0    8   8   8   8   8   8   8   8   8   8   8   8   8   8   6   8   6   8   8   8   20  20   8  16
  2  0    8   8   8   8   8   8   8   8   8   8   8   8   8   8   6   8   7   8   8   8   20  20   8  16
  2  0    8   8   8   8   8   8   8   8   8   8   8   8   8   8   8   8   7   8   8   8   20  20   8  16
  2  3    8   8   8   8   8   8   8   8   8   8   8   8   8   8   8   8   7   8   8   8   20  20   8  16
  2  3    8   8   8   8   8   8   8   8   8   8   8   8   8   8   8   8   8   8   8   8   20  20   8  16
